evidences <-
c(-0.127265833613, -0.148294871112, -0.0474860416767, -0.0818208930613, 
-0.0887637729071, -0.149587365048, -0.145618533919, -0.0724812285861, 
-0.0334752605217, -0.134399687755, -0.127026117398, -0.123929695626, 
-0.130240376715, -0.10254456595, -0.147024198514, -0.132776490573, 
-0.136910653443, -0.113843264654, -0.104233349743, -0.114172729563, 
-0.136898162988, -0.151631674773, -0.114924368058, -0.147841016259, 
-0.145735512146, -0.151229042781, -0.142224765644, -0.151932243278, 
-0.120551498092, -0.140564923355, -0.128737809231, -0.116358684077, 
-0.0712479245533, -0.0433270297927, -0.135525097614, -0.153201862393, 
-0.151729766737, -0.0742446550427, -0.147654252218, -0.0199906546853, 
-0.0608235975439, -0.123694108553, -0.0928593607879, -0.149448831183, 
-0.0832143949337, -0.0327850838203, -0.12234797088, -0.107989006555, 
-0.116181370679, -0.124101549557)
